# Seven-tile direct derivation wait report

allSevenTileShapes: 18623330
enumeratedDerivations: 224502
tenpaiReports: 148809

## Reducibility

### Reducible
count: 144516
waitCoreCacheHits: 155229
waitCoreCacheMisses: 6363
waitCoreCacheEntries: 6363

### Irreducible
count: 4293

#### Groups by waitDecompositionCodes
groupCount: 49
waitDecompositionCodes	waitDecompositionCodesKey	count	representativeTiles	representativeWaits
[255, 255, 273, 442]	79067348038	60	4444566s	356s
[195, 195, 273, 338]	68137885828	60	1233455m	25m
[273, 429]	123675	186	67889m33s	7m
[195, 195, 273]	77232772	900	3356778p	69p
[117, 117, 561]	111082824	186	12333s11z	3s1z
[117, 117, 255, 255, 255, 255, 578]	44461424707721170056	15	5556777p	45678p
[195, 195, 357, 442]	79079251780	36	5555667s	467s
[117, 117, 255, 255]	58695658632	1080	33345p11z	36p1z
[195, 195, 273, 442, 442]	62639227319428	30	2333345m	1245m
[117, 117, 357]	89128584	651	88p34445s	8p4s
[195, 195, 429]	97932484	168	1234588m	36m
[195, 195, 195]	62805700	243	22m23456p	147p
[255, 255]	93574	36	5555666p	47p
[195, 195, 338, 338]	68146667524	54	1122334m	14m
[255, 255, 429, 442]	79088047750	6	7888899s	679s
[273, 442, 442]	99861027	24	1113456s	236s
[117, 117, 255, 255, 357, 578]	56147605552729224	36	5556667s	5678s
[117, 117, 255, 255, 442]	62618855644296	36	2223455p	25p
[357]	142	42	4444666s	5s
[273, 442, 561]	111151779	12	1233555p	34p
[195, 195, 195, 338]	68123458756	27	3455567p	258p
[195, 195, 195, 442]	79052906692	18	3444567m	2358m
[338, 338, 338]	86043809	9	2345678s	258s
[195, 195, 429, 442]	79088033476	12	1234445s	356s
[357, 357, 578]	113020126	15	3335777p	456p
[273, 442]	126051	24	1345666p	12p
[195, 195, 255, 255, 442]	62618855666500	30	6777788s	5689s
[561]	177	12	1112222p	3p
[195, 195, 429, 442, 442]	62639248019140	12	1234555m	1346m
[153, 153, 195, 195, 338]	53953779323750	36	4445566s	4567s
[195, 195, 338, 429]	77585736196	12	1233345m	36m
[195, 195, 442, 561]	88032190852	6	7788889m	679m
[195, 195, 273, 357, 442]	62630781836932	30	3334556p	457p
[153, 153, 273, 338]	68137874726	21	2233344m	234m
[255, 255, 273, 429, 442]	62637736954438	6	1112234s	235s
[255, 255, 357, 578]	89511920902	30	6667999s	578s
[195, 195, 195, 442, 442]	62639212892356	18	3334567s	24578s
[117, 117, 357, 561, 578]	70910844130440	6	7778889s	789s
[195, 195, 255, 255, 273, 442]	49596100999787332	24	4445567p	3568p
[273, 338, 338]	86043795	30	1223345m	25m
[195, 195, 273, 442, 561]	69721509581956	6	1233444p	235p
[357, 561, 578]	113047846	6	6668999s	78s
[273, 338, 429]	97961811	6	1223334s	3s
[338, 338, 429]	97961825	6	1233456m	36m
[273, 357, 429, 442]	79088066763	6	1223444p	23p
[273, 429, 442, 442]	79089959643	6	1222234p	134p
[117, 117, 255, 255, 561, 578]	56161376657128584	6	1112333s	1234s
[153, 153, 338, 429]	77585725094	6	7778899m	789m
[357, 429, 442]	99858670	6	1111223p	23p

#### Groups by waitDecompositionCodes and ComponentRelation
groupCount: 106
waitDecompositionCodes	refinedGroupCount
[255, 255, 273, 442]	2
[195, 195, 273, 338]	2
[273, 429]	8
[195, 195, 273]	11
[117, 117, 561]	8
[117, 117, 255, 255, 255, 255, 578]	1
[195, 195, 357, 442]	1
[117, 117, 255, 255]	12
[195, 195, 273, 442, 442]	1
[117, 117, 357]	8
[195, 195, 429]	5
[195, 195, 195]	4
[255, 255]	1
[195, 195, 338, 338]	2
[255, 255, 429, 442]	1
[273, 442, 442]	1
[117, 117, 255, 255, 357, 578]	1
[117, 117, 255, 255, 442]	1
[357]	1
[273, 442, 561]	2
[195, 195, 195, 338]	2
[195, 195, 195, 442]	1
[338, 338, 338]	1
[195, 195, 429, 442]	2
[357, 357, 578]	1
[273, 442]	1
[195, 195, 255, 255, 442]	1
[561]	1
[195, 195, 429, 442, 442]	2
[153, 153, 195, 195, 338]	1
[195, 195, 338, 429]	2
[195, 195, 442, 561]	1
[195, 195, 273, 357, 442]	1
[153, 153, 273, 338]	1
[255, 255, 273, 429, 442]	1
[255, 255, 357, 578]	1
[195, 195, 195, 442, 442]	1
[117, 117, 357, 561, 578]	1
[195, 195, 255, 255, 273, 442]	1
[273, 338, 338]	1
[195, 195, 273, 442, 561]	1
[357, 561, 578]	1
[273, 338, 429]	1
[338, 338, 429]	1
[273, 357, 429, 442]	1
[273, 429, 442, 442]	1
[117, 117, 255, 255, 561, 578]	1
[153, 153, 338, 429]	1
[357, 429, 442]	1


## Wait tile count distribution
1 wait tile kinds: 84180
2 wait tile kinds: 61131
3 wait tile kinds: 3273
4 wait tile kinds: 192
5 wait tile kinds: 33
6 wait tile kinds: 0
7 wait tile kinds: 0
8 wait tile kinds: 0
9 wait tile kinds: 0
10 wait tile kinds: 0
11 wait tile kinds: 0
12 wait tile kinds: 0
13 wait tile kinds: 0
14 wait tile kinds: 0
15 wait tile kinds: 0
16 wait tile kinds: 0
17 wait tile kinds: 0
18 wait tile kinds: 0
19 wait tile kinds: 0
20 wait tile kinds: 0
21 wait tile kinds: 0
22 wait tile kinds: 0
23 wait tile kinds: 0
24 wait tile kinds: 0
25 wait tile kinds: 0
26 wait tile kinds: 0
27 wait tile kinds: 0
28 wait tile kinds: 0
29 wait tile kinds: 0
30 wait tile kinds: 0
31 wait tile kinds: 0
32 wait tile kinds: 0
33 wait tile kinds: 0
34 wait tile kinds: 0

calculationElapsedMs: 2123
